
DESCRICAO                                        VALOR 
================================ ===================== 
Total de procedimentos                          423142 
Com compet├¬ncia 202510                           4947 
Sem compet├¬ncia (NULL ou vazio)                     0 


DT_COMPETENCIA 
============== 
202510         
202006         
202005         
202004         
202003         
202002         
202001         
201912         
201911         
201910         
201909         
201908         
201907         
201906         
201905         
201904         
201903         
201902         
201901         
201812         

DT_COMPETENCIA 
============== 
201811         
201810         
201809         
201808         
201807         
201806         
201805         
201804         
201803         
201802         
201801         
201712         
201711         
201710         
201709         
201708         
201707         
201706         
201703         
201701         

DT_COMPETENCIA 
============== 
201612         
201611         
201610         
201607         
201606         
201605         
201604         
201602         
201512         
201511         
201509         
201508         
201505         
201503         
201502         
201501         
201412         
201411         
201410         
201409         

DT_COMPETENCIA 
============== 
201408         
201405         
201402         
201401         
201312         
201311         
201310         
201309         
201308         
201307         
201306         
201305         
201304         
201303         
201302         
201301         
201212         
201211         
201210         
201209         

DT_COMPETENCIA 
============== 
201208         
201207         
201206         
201205         
201204         
201203         
201202         
201201         
201112         
201111         
201110         
201109         
201108         
200801         


DT_COMPETENCIA 
============== 
202510         
202006         
202005         
202004         
202003         
202002         
202001         
201912         
201911         
201910         
201909         
201908         
201907         
201906         
201905         
201904         
201903         
201902         
201901         
201812         

DT_COMPETENCIA 
============== 
201811         
201810         
201809         
201808         
201807         
201806         
201805         
201804         
201803         
201802         
201801         
201712         
201711         
201710         
201709         
201708         
201707         
201706         
201703         
201701         

DT_COMPETENCIA 
============== 
201612         
201611         
201610         
201607         
201606         
201605         
201604         
201602         
201512         
201511         
201509         
201508         
201505         
201503         
201502         
201501         
201412         
201411         
201410         
201409         

DT_COMPETENCIA 
============== 
201408         
201405         
201402         
201401         
201312         
201311         
201310         
201309         
201308         
201307         
201306         
201305         
201304         
201303         
201302         
201301         
201212         
201211         
201210         
201209         

DT_COMPETENCIA 
============== 
201208         
201207         
201206         
201205         
201204         
201203         
201202         
201201         
201112         
201111         
201110         
201109         
201108         
200801         


DT_COMPETENCIA ST_ATIVA               DT_ATIVACAO 
============== ======== ========================= 
202510         S        2025-11-22 08:03:06.1960  

